8793219477
9627376633
9000180247
9650345665
9568270863
8763592145
9456938045
8793219477
8437166814
9495069470
7897677550
8266940459
9411447918
8056361207
8109222704
8266063709
9450519766
9536131467
9897734341
9451300869
9455440681
7200689975
8475094626
8989617984
8856829501
09406851747
8130630218
8858326535
9985782173
9901680501
9450519766
8875469258
9007785967
7209265887
8439465471
9045189235
9639621183
9041436770
7579087484
8547678541
9718533565
9694217429
9746413201
78449199304
9958882100
8954025656
8769085555
9744271300
9758716527
7417693044
8275596148
8275596142
8902708112
9759795126
9405535290
9627376633
8698218048
8698783201

0723120014
9325119702
7753012024
9923885235
8275596139
7895276320
8698744026
7558063655
8907468730
9497352754
9434455415
9759570269
9405535290
8712299781
09876543234
9213740807
8265889392
8281296512
8475094626
9403925259
8439349480
9823787557
08765267759
8275879501
7895315896
9594794625
9917684801
9837752341
9403974095
8954431823
8758035356
9923893580
9403973019
8981741400
8392891086
8547760500
8954841255
8266816340
9917684801
9421701642
9597829154
9923893580
9705994821
8275596148
9874121246
9884899154
9760146506
9760298421
8090592687
9936339661
9410165568
9634260423
8176961875
812617352
9765758132
8275755390
8115924781
8806358253
8954039440
9536127031
9456621436
09044620692
8958026648
9923884513
8097027283
09492744152
9650278203
9916493100
9675466245
9040867870
09986971407
8439105363
8859139306
09557791747
8439321412
8960276707
9923885294
9424015172
7417047404
08791662719
7830645877
7798578174
7543031022
7379695255
9911949696
8891772769
9793991253
9997037122
9447731928
9899963879
8765693871
9414937515
7795388993
9997372371
8650555351
8266803717
9045839905
8859512105
8005093431
7767031337
8007426760
9761273933
9456938045
8954171822
9675580610
8308574520
7209608116
8386961021
9675435502
9934186538
8686688642
8308574520
9627307121
8793891856
9591504355
9997332377
8115803702
9450519766
8958341006
9403974166
8859168717
9567643801
987654321
9686804056
9916764489
9916101178
9015349060
9923890151
8791490399
7259943199
7897989082
01276543
7763848585
8404981873
8755566863
1234567
9045673091
8758035356
8266805409
8958543350
9923410362
9456336154
9675409165
7830268264
9760610617
9758710492
8377898501
8411866518
9819077607
9572224421
9668177559
9097838598
8979539182
8858459905
9962086758
8860287287
8308978415
9167585853
9923865135
9045156954
9675409022
8392883773
8006920347
8275372789
9167585853
8650047046
9044170890
9761274026
9424015172
8881815969
8006920347
8392884886
9761274648
9465217845
7830931566
8650240539
9816194556
9999843492
8127583826
7830438319
8127583826
8985620838
8410548818
7500078029
8989267218
7579077666
7409012330
8411971841
8449505664
7895159862
9040866978
9918982344
7895661025
9639676778
8981035230
3042766671
9953886262
8410610839
9045752990
8954217878
9739675104
0016178809731
8954117403
8954859384
8791720390
9804366368
7873736803
9037160647
8979564346
+91-8859512199
9947298298
8881650346
9911545393
9601894011
9045201423
9045809280
8392867234
8859023112
9325119784
9650353437
9761273170
9496825584
9621654123
9758716527
8765688632
9759570754
8954084173
8859514482
9871086678
9045008504
8171721264
7417014201
9761322537
9999239175
8546258962
8958341006
9013591546
8571009130
9425313010
9447358137
9461809818
9807227294
9045753349
8714449774
8954038813
7417675574
7503778035
9846673069
9868081569
9455619065
7417130359
9459012054
9899908169
7830932457
8292653001
8800615322
9045011102
8272869310
9560457467
8057971645
7769898979
9673806113
7876044832
8090592687
9999133992
8791202766
7505501265
8423996734
97957219
8979523580
9651205242
9421666988
9559771084
9911959788
8853442044
9753135790
9747401399
9753135790
7376380700
9721168644
9811040427
7795567307
8653414340
8106360540
9807007694
9999425401
8791367687
8901050588
7767983062
9675580725
7767983062
8604217797
8859481601
8884701990
8853174073
9005340710
8090309179
9633311164
8265813598
9686610155
9711307942
9011839913
7829610622
9759635362
8806325222
8004091035
9457972069
7830259919
9495759645
9663562565
8303477101
8423551317
9996321324
918609267553
9400879335
9656855285
+918755947583
9005687858
9654512306
7525888672
9923865135
9403653603
8962396893
9425161970
8889158670
9175389980
9910476850
9827803744
9589304197
9999999999
9895054179
9756573931
9810115986
9450519766
7749995527
9657532284
9930370096
9935098534
8979570559
9639234003
8126494659
8275596145
8266802232
8266816292
7895364366
9700712995
9425650856
919002492496
8547854856
8939624375
9090169637
7668453954
8381942365
8266802281
9014292945
+447449305807
7275331506
9458540725
7406161004
9633323790
8090732374
9483965656
8266915770
9028852413
7795597886
9738855089
8867287137
8953607283
7417390488
9457428906
8726461816
8093738618
9794317212
8802527291
09639217588
8987419141
9502757332
8126102784
7579200746
8425960302
8860820566
9600661341
9759570457
9999341928
9198707081
8094427334
45353455535
9759710750
9058545476
8859601949
938498398
9415404818
9634017544
9178680273
8266063709
7417298001
8057837234
8273189699
8958543350
8267894549
08093142477
7873127551
07737125917
9918113249
+91-8527921299
9861281209
8107366456
07205266403
07735052788
8979978835
9457247091
9758811118
7409677474
9874152265
rkpowergrid90@gmail.com
9759435251
9987654321
8342078787
8392884906
8955020065
9462569023
8755789114
07735399778
9450058953
9045728834
9045215092
8093471838
8860288765
8755789114
9999717517
+917840084010
8791328011
8909171842
8006110087
9742771872
8791196904
+919927994478
9900704359
7895339993
7830089774
8755770876
9582825000
8607836859
9045124365
9467778498
8859168717
7417543816
7728853749
9536874411
09896008146
09709031475
9756353577
9837775274
8449505283
9045711730
9034909844
8475900990
8475900990
8410115277
8475900990
8475900990
8475900990
8475900990
8475900990
8475900990
8475900990
8475900990
8475900990
7409234220
8475900990
8475900990
8475900990
8475900990
9034159771
9780293423
7827575114
9555399011
8285200892
8285411907
9674217960
7696300419
8585917523
9650607262
9953454958
7895580866
9044170890
7838713728
9917684801
8439489357
9501934493
9568388365
9759435251
09040869626
9013948192
8585624104
9911619594
8979920512
09014292945
8791779249
8791843416
7417012633
8650361223
9720098705
9719928583
9818409414
9717025012
9540187630
9873823977
8860010084
8527336376
9654954633
9999597518
9045121135
8096427166
9648694196
8958666611
9045313286
9045117645
7417404814
8439845463

9999929626
8587094056
9871899273
9897632016
8979002003
8439503324
8093871503

9927901164
8979289364
9536718584
9720098705
8979560655
9258440943
7417341041
9990254408
8882428646
9650572036
9408177337

8171356786
9808464169
8392802929
9215690895
9034159771
9582263036
9759570269
9557263847
9045619742
9473804557
8171698433
9958831638
8126695414
9760767498
9997532327
9756760097
9716723633
9716723633
9761839309
9717485447
9415404818
08126926764
9058324748
8126254254
8791414019
8791315532
9756507065
8005036827
8791624485
8979567082
9897735850
9897641431
9897657122
9450517929
09015774105
7417073218
9654928111
8768391542
8266853880
8859168717
9953055842
9717310361
9815521042
8860245950
9654990175
8191943370
9536288280
9654928111
8447722812
9013231383
858527067475
9654278633
8894313390

8954507729
9927256341
8126857522
9927256341
8791008776
8791733640
8903606240
7795597886
9910447580
9565350782

09897657122
9914822548
8377853842
8090161447
9582046988
7895473473
9899087464
thejus.manoharan@gmail.com
9996562124
8287727688
8130059752
9520999909
8439533589
8126564777
9039009515
8596978754
8859127087
8800433139
9441791966
8881088750
8901529727
07503198281
7838526332


09999672567
9911145354
9045740533
8859187949
9461611142
7895066888
7696708565
9705871075
9479517115
9811262233
8587991074
8813920261



7404605595
9602568770
8950832331
9467295245
8930946156
8572017994
7357617112
9991511378
9416321075
9717903469
9467222400
9812159561
7404379070

9992072926
9711983226
9034171965
7206023464
7206023464
8266800596
9873787543
09808720027
7206214059
8397046033
7206711811
8950113126
8930432661
9953315282
9639539400
8791414316
9258440943
8607407868
9897843401
8950435183
09996512949
9557005709
7206747934
8950435183
9996938787
8394030187
8909050301
08534944535
8791384853
8958075389
8958075389
8791256909
7417249341
8126546496
7417017885
8439441070
7206674489
9466040576
9718889664
9811889142
8475059476
9536352285
9811791710
9808382402
9813232329
8194947860
8449060636
9251977000
9719733667
08954703142
9719733667
9627531387
971973367
9719733667
7579482595
8475900990
9756475659
7735052788
9756475659
8392802929
8475900990
7503701058
09953823253
9996513860
08398029411
09996209943
8439391708
09812626348
9896094713
09812626348
7206853181
09996746136
09996746136
08950635641
08814836510
08398029411
07404194948
08930051848
07404194948
09873829916
9255610210
8570023555
9756353577
8909838036
9045274100
8445371009
9634057974
8958515698
8923339032
7500516116
9045602766
9996204992
9996209056
9996514313
9896753431
9728867753
7895426130
9873372906
8950873172
8410117248
9896324986
7409973682
8439448730
9536333782
9045185867
9634311017
9660255855
9897192622
7895623149
7895636063
7895623149
9662135564
8266888408
9896324986
9896324986
8979556557
9896324986
8950832331
08057992213
9766778981
+919152858350
+919536932037
9908653523
7299010170
7798573039
9420481144
8755000212
9759640708
9997937809
9473804557
8903446016
9122792567
08791662719
9167986722
9094194589
9023658736
8758035356
7798573039
7830576662
8762731675
08791662719
9566213965
9999341928
9711675957
9690163625
9989675056
08930051848
8300043369
9915768763
09663556325
9686804056
8411971841
9336848947
07597548526
9916493100
9444938700
9888006022
9654482268
8859127087
8903446016
08570045666
9028749679
+918194987969
9045156954
08570045666
8979547281
8015911664
+919582419282
9464529752
9699060121
9916861677
8793891856
7875774121
09996514492
8547760671
09872032472
9860425833
8527835227
9591455998
7373025808
9739515052
9962285632
9634205611
7379695255
9536107543
9935700812
9891262233
9819077607
9819077607
8860963812
8006534852
7749910760
9896527289
8607756166
8950338884
7206622338
7206460381
9991235269
8295223439
8684897203
8295701561
9896987753
9991677954
9996511621
9996579847
7404536364
8891219230
7206133131
9746413201
9729175661
9992223004
9992223004
8950612059
8267955267
7206133131
09980937041
8981741400
9045901975
9997917567
8057977476
9557920883
9458176732
8791568014
7409596693
8909274794
8057749293
9627323717
7830558058
+919876533652
8265995228
7417057701
8923256416
8006997032
7357545147
9627758847
7357545147
8281218749
9677292193
9557164741
9012755700
9012755700
9878393899
9034189684
9996370222
9996917717
8909686505
8572086999
9040867870
8929321647
+917753058436
9896562092
8650174042
8447006313
7206288871
8267007820
9996589601
9896562092
9464373764
7417057701
8950858691
9031625376
9528457978
9996589601
9896753431
9729584334
7404343368
9456338255
9634837283
8755089185
9528214563
9468010255
9756353577
9758075771
8126338320
9099329374
9780543999
9045632307
7351111130
8006072639
8192811230
9496825389
9675396970
9675466245
9675466245
8265882661
9412342687
8126159737
8500260282
9992760852
9996514522
9728675536
9728825322
9780524423
9569239768
9803019398
9582419282
9582419282
9582419282
9582419282
+918968466781
9582419282
9582419282
9582419282
9582419282
9582419282
9582419282
8427462032
9582419282
9582419282
9914577000
8195900630
9878178996
9569772722
9897881365
9567718484
9756017630
9873740110
8265853547
+918859085497
+918860468304
+918765307317
+919569763913
9501500250
8791716034
8968646406
9759247874
7508916800
7508916800
9815468200
8006943413
9045189242
9897500766
7895056093
9555403587
7895644433
8265889392
9582960240
+918057814981
7830438319
9012427935
8126719983
8199993334
9012427935
9012427935
9729729403
7830958634
8006534852
8958515698
7895776216
9012427935
9758200036
8449937184
9761132177
8449822483
9759091251
9808476281
9557020319
9690010803
8194058031
8430360580
9012604748
7895593771
8126189076
8126534014
9634882145
9557020319
9536874411
9815468200
9456271452
9023986962
9634882145
8954360891
9045123462
9690380792
7895198099
7895577932
9045734213
7830108141
8009955168
8475078170
8126468905
7417015688
9634430850
9536634188
9719923717
8650280041
7417962089
8950013927
8006606383
9997290274
9911205091
9999969697
8791668495
9759761223
07417706841
9997405338
7876321667
9837752341
9997679343
9675580610
8006534852
9410117549
9045791688
7409327064
9896885415
9760586406
7417209094
8979206978
9758695945
7417655571
7417655571
08979193554
8755991330
8439757660
8900727081
7417683567
8266805484
7669429231
7417403295
8273073379
8954228773
9432341745
+917589333530
7417843540
09958492972
9811967225
8126913324
8859865829
9541638797
9815521042
9012023267
9627969141
8791526818
8791345835
8266910007
8859033759
9927167197
8267092259
9410997079
8826045935
9675407310
9997123465
8958341148
8791326316
9557027272
8859416445
8439931444
9675406693
7503921402
